42477143
42479365
42480621
42484427
42492257
42492767
42497916
42498091
42498192
42498502
42498694
42502786
42505153
42508734
42520162
42520165
42520857
42526163
42530232
42532167
42533637
42537465
42537573
42546263
42546980
42551657
42554961
42557853
42562142
42568150
42571813
42578521
42579533
42584200
42596832
42596893
42603387
42623489
42627337
42628243
42641773
42647971
42657947
42671707
42674126
42680681
42683626
42685801
42710737
42714335
42727577
42733677
42734022
42734091
42735513
42755421
42759515
42761819
42770158
42781229
42787889
42787987
42788855
42788974
42798296
42803153
42809405
42811396
42811842
42814908
42820746
42821019
42822747
42825354
42825552
42825554
42825558
42825570
42825571
42826272
42826297
42826651
42826786
42826868
42827071
42828197
42828701
42831957
42835752
42836090
42836567
42836785
42837065
42837443
42837819
42838271
42838502
42839292
42841034
42842169
